67
72
112
159
211
263
321
414
476
519
589
697
704
784
877
1010
1038
1050
1291
1314
1383
1385
1461
1744
1845
1904
2010
2100
2538
2798
2884
2898
2985
3040
3202
3409
3488
3491
3851
3973
3991
4096
4150
4174
4200
4239
4310
4406
4554
4619
4691
4747
4889
4908
4981
5028
5059
5233
5494
5567
5755
6426
6610
6647
6648
7010
7115
7722
7833
8253
8519
8652
8897
8906
9228
9231
9454
9513
9721
9753
9817
9865
10064
13805
14099
14200
14798
15021
15401
17478
17671
18097
18110
18592
19105
19217
19680
20725
20909
22262
22423
20911
22480
23070
23358
23520
24109
24121
24617
24632
25624
25822
27412
27824
28054
28429
28448
28670
28687
28932
28961
29088
29174
29277
29439
29477
29628
29688
29730
29781
30391
30562
30788
31398
31529
31689
31780